lastAccountName: TyLoDesu
timestamps:
  login: 1582058717768
  logout: 1582047260380
  lastteleport: 1582060203497
ipAddress: 188.35.131.142
logoutlocation:
  world: world
  x: 541.5
  y: -258.56308942918685
  z: -1622.5
  yaw: 0.0
  pitch: 0.0
afk: true
money: '850'
lastlocation:
  world: world
  x: 582.4982055346482
  y: 25.0
  z: -1546.2775405730772
  yaw: 1.0507456
  pitch: 89.24999
