lastAccountName: Veelzy
timestamps:
  login: 1582068260208
  logout: 1582068802989
  kits:
    vipbuild: 1582068744987
    start: 1582068598686
ipAddress: 127.0.0.1
lastlocation:
  world: world
  x: 580.8939933083429
  y: 19.09375
  z: -1535.477822692556
  yaw: -92.25134
  pitch: 30.000097
logoutlocation:
  world: world
  x: 581.7479723037432
  y: 25.0
  z: -1548.1800927975937
  yaw: -23.55066
  pitch: 47.40006
