lastAccountName: Missalequeen
timestamps:
  login: 1582045516337
  logout: 1582045559788
ipAddress: 127.0.0.1
logoutlocation:
  world: world
  x: 533.5
  y: -258.56241549688616
  z: -1609.5
  yaw: 31.649998
  pitch: -59.699978
